20 200
43 36 9 99 36 45 83 66 52 87 69 43 4 15 34 23 75 34 5 14 77 56 45 94 41 56 78 66 15 50 74 25 33 6 91 56 1 67 69 88 93 95 95 86 26 47 56 9 86 43 80 41 85 16 93 39 65 40 86 53 42 52 90 38 71 17 25 54 86 49 87 96 23 79 73 39 52 71 1 39 37 27 56 75 78 84 42 60 57 57 87 28 66 61 95 22 85 11 37 66 85 82 80 43 12 97 31 87 40 29 26 19 4 6 32 61 79 99 10 59 54 81 74 25 92 90 50 64 52 32 19 84 89 1 97 99 14 100 55 29 23 90 67 60 7 72 32 16 59 18 60 86 68 72 77 41 97 57 79 93 65 55 71 58 21 96 61 58 34 97 32 82 36 99 100 67 63 81 31 36 57 10 92 37 31 35 43 41 70 11 18 20 30 50 89 20 91 28 9 54
18 2 6 16 53 85 91 98 100 107 108 120 123 139 148 150 179 196 198
16 8 57 70 87 92 100 108 112 125 138 140 154 155 189 192 193
19 7 22 25 33 35 43 47 82 101 110 119 120 137 145 152 160 165 170 186
8 55 67 84 87 98 117 131 168
19 5 11 13 14 18 21 58 65 72 90 108 121 139 144 167 192 193 194 200
6 6 29 40 52 64 160
13 30 33 43 56 66 95 120 122 128 145 172 180 197
25 7 10 20 27 28 30 42 51 63 78 80 97 102 148 149 152 156 161 174 176 177 184 192 195 198
27 4 11 15 18 28 31 40 46 88 89 93 95 106 108 110 111 112 118 126 130 134 137 145 163 166 170 173
28 8 23 32 37 47 63 69 70 72 83 84 87 98 112 116 119 120 124 127 138 146 152 157 158 171 172 188 190
21 3 22 49 55 62 67 71 72 88 91 96 105 122 126 133 143 153 177 180 185 195
25 5 24 57 63 70 76 79 85 89 91 95 104 109 115 117 122 126 136 141 142 149 170 178 183 190
14 31 44 48 50 56 60 81 124 138 177 185 190 191 196
15 26 46 50 59 73 76 78 93 94 129 135 151 153 186 195
8 12 33 38 71 137 169 182 199
7 33 61 75 142 164 179 193
21 4 14 17 19 27 30 39 48 65 73 88 103 113 121 123 126 147 148 162 175 176
11 22 31 64 78 107 132 143 145 156 187 196
25 16 21 26 36 41 45 54 55 58 62 68 77 79 98 110 114 116 134 146 151 157 159 161 170 200
25 1 9 19 20 34 41 60 68 73 74 75 86 99 105 116 117 121 151 153 161 176 177 180 181 190