Element 0
6
1 5 10 15 20 25
Element 1
5
2 6 11 21 31
Element 2
5
3 7 12 22 32
Element 3
5
4 8 13 23 33
Element 4
5
9 14 24 34 44
Element 5
6
16 26 36 46 56 66
Element 6
5
17 27 37 47 57
Element 7
5
18 28 38 48 58
Element 8
5
19 29 39 49 59
Element 9
5
30 40 50 60 70
Element 10
6
35 45 55 65 75 85
Element 11
5
36 46 56 66 76
Element 12
5
37 47 57 67 77
Element 13
5
38 48 58 68 78
Element 14
5
39 49 59 69 79
Element 15
6
60 61 62 63 64 65
Element 16
5
66 67 68 69 70
Element 17
5
71 72 73 74 75 86 87 88 89 90 91 92 93 94 95 96 97 98 99 100
Element 18
5
76 77 78 79 80 51 52 53 54
Element 19
5
81 82 83 84 85 43 42 41